"GigaChad", 80, 15, 25, 30, 35, 44, 17, 58, 72, "Normal", 70
"Doge", 65, 20, 15, 35, 25, 13, 53, 12, 44, "Normal", 90
"PepeFrog", 70, 10, 5, 50, 35, 2, 61, 30, 17, "Water", 60
"GrumpyCat", 75, 25, 10, 40, 30, 21, 29, 42, 62, "Normal", 70
"NyanCat", 90, 15, 30, 70, 20, 60, 80, 18, 39, "Electric", 80
"CorgiPupper", 70, 30, 20, 45, 25, 29, 73, 10, 27, "Normal", 90
"KeyboardCat", 85, 25, 15, 55, 40, 17, 49, 32, 53, "Electric", 70
"RickRoller", 100, 30, 20, 65, 45, 61, 14, 1, 36, "Normal", 80
"Lolcat", 60, 10, 10, 40, 20, 41, 11, 29, 65, "Psychic", 75
"Peekachu", 75, 20, 15, 60, 40, 63, 63, 33, 7, "Electric", 100
"Foxy", 85, 25, 15, 70, 45, 29, 48, 77, 68, "Dark", 80
"Bonnie", 80, 20, 10, 65, 35, 58, 50, 25, 70, "Dark", 75
"Chica", 75, 15, 20, 60, 30, 60, 75, 37, 58, "Fire", 70
"Freddy", 95, 35, 25, 75, 50, 47, 76, 58, 52, "Dark", 85
"Mangle", 80, 20, 30, 70, 45, 67, 2, 70, 32, "Electric", 90
"Lenny", 60, 10, 5, 40, 25, 4, 18, 74, 73, "Normal", 60
"Grasshopper", 70, 15, 30, 45, 35, 5, 9, 3, 43, "Bug", 80
"Mothman", 90, 30, 50, 70, 55, 81, 67, 55, 14, "Dark", 70
"Bigfoot", 105, 40, 45, 85, 60, 41, 1, 19, 47, "Ground", 95
"LOLcano", 70, 10, 30, 55, 25, 30, 44, 16, 12, "Fire", 75
"DistractedBoyfriend", 75, 20, 15, 50, 35, 16, 25, 65, 22, "Normal", 70
"TwoButtons", 60, 5, 10, 40, 30, 66, 6, 69, 77, "Psychic", 60
"Harambe", 90, 25, 30, 60, 55, 10, 69, 71, 38, "Fighting", 70
"BadLuckBrian", 70, 15, 15, 45, 30, 76, 41, 50, 3, "Normal", 80
"Wojak", 75, 20, 10, 55, 35, 22, 59, 64, 5, "Water", 70
"Ligma", 80, 25, 20, 60, 40, 27, 57, 22, 41, "Poison", 70
"Zucc", 85, 30, 15, 70, 45, 74, 47, 51, 11, "Electric", 70
"NPC#42", 70, 10, 5, 40, 30, 61, 64, 8, 33, "Normal", 75
"Slenderman", 95, 35, 50, 80, 60, 82, 13, 38, 18, "Ghost", 90
"Peekaboo", 60, 5, 15, 35, 20, 9, 82, 23, 69, "Psychic", 60
"Squirtle", 70, 20, 15, 55, 30, 12, 79, 79, 80, "Water", 70
"Charmander", 75, 25, 10, 60, 35, 19, 70, 25, 54, "Fire", 70
"Bulbasaur", 80, 30, 20, 65, 40, 48, 32, 57, 45, "Grass", 70
"Pikachu", 70, 15, 10, 55, 35, 57, 31, 74, 70, "Electric", 70
"Jigglypuff", 75, 20, 10, 60, 30, 33, 36, 20, 31, "Fairy", 70
"Gengar", 90, 35, 25, 70, 45, 79, 7, 4, 64, "Ghost", 80
"Steelix", 100, 40, 30, 80, 50, 71, 12, 76, 61, "Steel", 85
"Bongo",50,20,20,30,20,14,4,5,7,"Unknow", 999
"Naox",1,1,1,1,1,4,1,20,7,"Unknow", 999